1.000E-03 7.037E+03 
1.250E-03 4.229E+03 
1.500E-03 2.791E+03 
1.750E-03 1.928E+03 
2.000E-03 1.401E+03 
2.250E-03 1.046E+03 
2.750E-03 6.367E+02 
3.000E-03 5.136E+02 
3.250E-03 4.198E+02 
3.351E-03 3.887E+02 
3.351E-03 1.274E+03 
3.436E-03 1.198E+03 
3.524E-03 1.126E+03 
3.524E-03 1.547E+03 
3.750E-03 1.329E+03 
3.806E-03 1.282E+03 
3.806E-03 1.468E+03 
4.000E-03 1.305E+03 
4.250E-03 1.118E+03 
4.750E-03 8.419E+02 
5.000E-03 7.388E+02 
5.250E-03 6.511E+02 
5.750E-03 5.147E+02 
6.000E-03 4.611E+02 
6.250E-03 4.141E+02 
6.750E-03 3.382E+02 
7.250E-03 2.802E+02 
7.750E-03 2.352E+02 
8.000E-03 2.164E+02 
8.250E-03 1.993E+02 
8.750E-03 1.703E+02 
9.250E-03 1.468E+02 
9.750E-03 1.276E+02 
1.000E-02 1.193E+02 
1.025E-02 1.115E+02 
1.075E-02 9.804E+01 
1.125E-02 8.670E+01 
1.175E-02 7.709E+01 
1.225E-02 6.890E+01 
1.275E-02 6.186E+01 
1.325E-02 5.577E+01 
1.375E-02 5.049E+01 
1.425E-02 4.587E+01 
1.475E-02 4.182E+01 
1.500E-02 3.998E+01 
1.525E-02 3.822E+01 
1.575E-02 3.501E+01 
1.625E-02 3.217E+01 
1.675E-02 2.963E+01 
1.725E-02 2.736E+01 
1.775E-02 2.532E+01 
1.825E-02 2.349E+01 
1.875E-02 2.184E+01 
1.925E-02 2.035E+01 
1.975E-02 1.899E+01 
2.000E-02 1.836E+01 
2.025E-02 1.775E+01 
2.075E-02 1.661E+01 
2.125E-02 1.558E+01 
2.175E-02 1.463E+01 
2.225E-02 1.376E+01 
2.275E-02 1.296E+01 
2.325E-02 1.222E+01 
2.375E-02 1.154E+01 
2.425E-02 1.091E+01 
2.475E-02 1.033E+01 
2.525E-02 9.794E+00 
2.551E-02 9.525E+00 
2.551E-02 5.539E+01 
2.575E-02 5.412E+01 
2.625E-02 5.155E+01 
2.675E-02 4.914E+01 
2.725E-02 4.689E+01 
2.775E-02 4.477E+01 
2.825E-02 4.278E+01 
2.875E-02 4.091E+01 
2.925E-02 3.914E+01 
2.975E-02 3.748E+01 
3.000E-02 3.668E+01 
3.025E-02 3.590E+01 
3.075E-02 3.441E+01 
3.125E-02 3.301E+01 
3.175E-02 3.167E+01 
3.225E-02 3.041E+01 
3.275E-02 2.921E+01 
3.325E-02 2.807E+01 
3.375E-02 2.699E+01 
3.425E-02 2.597E+01 
3.475E-02 2.499E+01 
3.525E-02 2.407E+01 
3.575E-02 2.319E+01 
3.625E-02 2.235E+01 
3.675E-02 2.155E+01 
3.725E-02 2.079E+01 
3.775E-02 2.006E+01 
3.825E-02 1.937E+01 
3.875E-02 1.871E+01 
3.925E-02 1.809E+01 
3.975E-02 1.748E+01 
4.000E-02 1.719E+01 
4.025E-02 1.691E+01 
4.075E-02 1.636E+01 
4.125E-02 1.584E+01 
4.175E-02 1.533E+01 
4.225E-02 1.485E+01 
4.275E-02 1.439E+01 
4.325E-02 1.395E+01 
4.375E-02 1.353E+01 
4.425E-02 1.312E+01 
4.475E-02 1.273E+01 
4.525E-02 1.236E+01 
4.575E-02 1.200E+01 
4.625E-02 1.165E+01 
4.675E-02 1.132E+01 
4.725E-02 1.100E+01 
4.775E-02 1.069E+01 
4.825E-02 1.040E+01 
4.875E-02 1.011E+01 
5.000E-02 9.445E+00 
