1.000E-03 1.185E+03 
1.250E-03 6.537E+02 
1.500E-03 4.023E+02 
1.560E-03 3.621E+02 
1.560E-03 3.957E+03 
1.750E-03 3.074E+03 
2.000E-03 2.263E+03 
2.250E-03 1.692E+03 
2.750E-03 9.970E+02 
3.000E-03 7.881E+02 
3.250E-03 6.347E+02 
3.750E-03 4.303E+02 
4.000E-03 3.605E+02 
4.250E-03 3.048E+02 
4.750E-03 2.234E+02 
5.000E-03 1.934E+02 
5.250E-03 1.685E+02 
5.750E-03 1.302E+02 
6.000E-03 1.153E+02 
6.250E-03 1.026E+02 
6.750E-03 8.226E+01 
7.250E-03 6.694E+01 
7.750E-03 5.518E+01 
8.000E-03 5.032E+01 
8.250E-03 4.601E+01 
8.750E-03 3.875E+01 
9.250E-03 3.294E+01 
9.750E-03 2.823E+01 
1.000E-02 2.621E+01 
1.025E-02 2.438E+01 
1.075E-02 2.120E+01 
1.125E-02 1.855E+01 
1.175E-02 1.632E+01 
1.225E-02 1.443E+01 
1.275E-02 1.283E+01 
1.325E-02 1.146E+01 
1.375E-02 1.027E+01 
1.425E-02 9.249E+00 
1.475E-02 8.358E+00 
1.500E-02 7.955E+00 
1.525E-02 7.578E+00 
1.575E-02 6.894E+00 
1.625E-02 6.291E+00 
1.675E-02 5.757E+00 
1.725E-02 5.283E+00 
1.775E-02 4.861E+00 
1.825E-02 4.484E+00 
1.875E-02 4.146E+00 
1.925E-02 3.842E+00 
1.975E-02 3.569E+00 
2.000E-02 3.442E+00 
2.025E-02 3.321E+00 
2.075E-02 3.097E+00 
2.125E-02 2.894E+00 
2.175E-02 2.709E+00 
2.225E-02 2.540E+00 
2.275E-02 2.386E+00 
2.325E-02 2.245E+00 
2.375E-02 2.115E+00 
2.425E-02 1.996E+00 
2.475E-02 1.887E+00 
2.525E-02 1.786E+00 
2.575E-02 1.693E+00 
2.625E-02 1.607E+00 
2.675E-02 1.527E+00 
2.725E-02 1.453E+00 
2.775E-02 1.384E+00 
2.825E-02 1.320E+00 
2.875E-02 1.260E+00 
2.925E-02 1.205E+00 
2.975E-02 1.153E+00 
3.000E-02 1.128E+00 
3.025E-02 1.104E+00 
3.075E-02 1.059E+00 
3.125E-02 1.017E+00 
3.175E-02 9.766E-01 
3.225E-02 9.392E-01 
3.275E-02 9.041E-01 
3.325E-02 8.710E-01 
3.375E-02 8.399E-01 
3.425E-02 8.105E-01 
3.475E-02 7.829E-01 
3.525E-02 7.567E-01 
3.575E-02 7.321E-01 
3.625E-02 7.087E-01 
3.675E-02 6.866E-01 
3.725E-02 6.657E-01 
3.775E-02 6.459E-01 
3.825E-02 6.271E-01 
3.875E-02 6.093E-01 
3.925E-02 5.923E-01 
3.975E-02 5.762E-01 
4.000E-02 5.684E-01 
4.025E-02 5.609E-01 
4.075E-02 5.463E-01 
4.125E-02 5.324E-01 
4.175E-02 5.191E-01 
4.225E-02 5.065E-01 
4.275E-02 4.945E-01 
4.325E-02 4.830E-01 
4.375E-02 4.720E-01 
4.425E-02 4.615E-01 
4.475E-02 4.514E-01 
4.525E-02 4.418E-01 
4.575E-02 4.326E-01 
4.625E-02 4.238E-01 
4.675E-02 4.153E-01 
4.725E-02 4.072E-01 
4.775E-02 3.995E-01 
4.825E-02 3.920E-01 
4.875E-02 3.848E-01 
5.000E-02 3.681E-01 
