1.000E-03 1.057E+04 
1.047E-03 9.333E+03 
1.096E-03 8.245E+03 
1.096E-03 9.345E+03 
1.250E-03 6.828E+03 
1.500E-03 4.418E+03 
1.750E-03 3.006E+03 
2.000E-03 2.154E+03 
2.250E-03 1.584E+03 
2.750E-03 9.392E+02 
3.000E-03 7.488E+02 
3.250E-03 6.046E+02 
3.750E-03 4.126E+02 
4.000E-03 3.473E+02 
4.250E-03 2.947E+02 
4.750E-03 2.182E+02 
5.000E-03 1.899E+02 
5.250E-03 1.663E+02 
5.750E-03 1.298E+02 
6.000E-03 1.156E+02 
6.250E-03 1.033E+02 
6.750E-03 8.365E+01 
7.250E-03 6.878E+01 
7.750E-03 5.731E+01 
8.000E-03 5.255E+01 
8.250E-03 4.829E+01 
8.750E-03 4.109E+01 
8.979E-03 3.829E+01 
8.979E-03 2.783E+02 
9.250E-03 2.597E+02 
9.750E-03 2.295E+02 
1.000E-02 2.160E+02 
1.025E-02 2.034E+02 
1.075E-02 1.806E+02 
1.125E-02 1.607E+02 
1.175E-02 1.435E+02 
1.225E-02 1.284E+02 
1.275E-02 1.153E+02 
1.325E-02 1.039E+02 
1.375E-02 9.394E+01 
1.425E-02 8.520E+01 
1.475E-02 7.753E+01 
1.500E-02 7.405E+01 
1.525E-02 7.079E+01 
1.575E-02 6.483E+01 
1.625E-02 5.954E+01 
1.675E-02 5.483E+01 
1.725E-02 5.061E+01 
1.775E-02 4.683E+01 
1.825E-02 4.342E+01 
1.875E-02 4.033E+01 
1.925E-02 3.753E+01 
1.975E-02 3.499E+01 
2.000E-02 3.380E+01 
2.025E-02 3.267E+01 
2.075E-02 3.054E+01 
2.125E-02 2.860E+01 
2.175E-02 2.682E+01 
2.225E-02 2.518E+01 
2.275E-02 2.368E+01 
2.325E-02 2.229E+01 
2.375E-02 2.101E+01 
2.425E-02 1.982E+01 
2.475E-02 1.872E+01 
2.525E-02 1.770E+01 
2.575E-02 1.676E+01 
2.625E-02 1.588E+01 
2.675E-02 1.506E+01 
2.725E-02 1.430E+01 
2.775E-02 1.359E+01 
2.825E-02 1.292E+01 
2.875E-02 1.230E+01 
2.925E-02 1.172E+01 
2.975E-02 1.117E+01 
3.000E-02 1.091E+01 
3.025E-02 1.066E+01 
3.075E-02 1.018E+01 
3.125E-02 9.729E+00 
3.175E-02 9.304E+00 
3.225E-02 8.904E+00 
3.275E-02 8.527E+00 
3.325E-02 8.171E+00 
3.375E-02 7.835E+00 
3.425E-02 7.518E+00 
3.475E-02 7.218E+00 
3.525E-02 6.933E+00 
3.575E-02 6.664E+00 
3.625E-02 6.409E+00 
3.675E-02 6.167E+00 
3.725E-02 5.937E+00 
3.775E-02 5.719E+00 
3.825E-02 5.512E+00 
3.875E-02 5.314E+00 
3.925E-02 5.127E+00 
3.975E-02 4.948E+00 
4.000E-02 4.862E+00 
4.025E-02 4.778E+00 
4.075E-02 4.615E+00 
4.125E-02 4.460E+00 
4.175E-02 4.312E+00 
4.225E-02 4.171E+00 
4.275E-02 4.036E+00 
4.325E-02 3.907E+00 
4.375E-02 3.784E+00 
4.425E-02 3.666E+00 
4.475E-02 3.553E+00 
4.525E-02 3.445E+00 
4.575E-02 3.341E+00 
4.625E-02 3.242E+00 
4.675E-02 3.146E+00 
4.725E-02 3.055E+00 
4.775E-02 2.967E+00 
4.825E-02 2.883E+00 
4.875E-02 2.802E+00 
5.000E-02 2.613E+00 
