1.000E-03 4.943E+03 
1.250E-03 2.941E+03 
1.500E-03 1.925E+03 
1.750E-03 1.325E+03 
2.000E-03 9.596E+02 
2.250E-03 7.168E+02 
2.520E-03 5.416E+02 
2.520E-03 1.979E+03 
2.572E-03 1.861E+03 
2.625E-03 1.750E+03 
2.625E-03 2.433E+03 
2.750E-03 2.170E+03 
2.865E-03 1.961E+03 
2.865E-03 2.243E+03 
3.000E-03 2.011E+03 
3.250E-03 1.642E+03 
3.750E-03 1.143E+03 
4.000E-03 9.706E+02 
4.250E-03 8.297E+02 
4.750E-03 6.223E+02 
5.000E-03 5.450E+02 
5.250E-03 4.792E+02 
5.750E-03 3.771E+02 
6.000E-03 3.372E+02 
6.250E-03 3.023E+02 
6.750E-03 2.462E+02 
7.250E-03 2.035E+02 
7.750E-03 1.704E+02 
8.000E-03 1.566E+02 
8.250E-03 1.441E+02 
8.750E-03 1.229E+02 
9.250E-03 1.058E+02 
9.750E-03 9.180E+01 
1.000E-02 8.576E+01 
1.025E-02 8.017E+01 
1.075E-02 7.042E+01 
1.125E-02 6.223E+01 
1.175E-02 5.530E+01 
1.225E-02 4.939E+01 
1.275E-02 4.432E+01 
1.325E-02 3.994E+01 
1.375E-02 3.613E+01 
1.425E-02 3.279E+01 
1.475E-02 2.987E+01 
1.500E-02 2.854E+01 
1.525E-02 2.727E+01 
1.575E-02 2.495E+01 
1.625E-02 2.289E+01 
1.675E-02 2.106E+01 
1.725E-02 1.943E+01 
1.775E-02 1.797E+01 
1.825E-02 1.667E+01 
1.875E-02 1.550E+01 
1.925E-02 1.445E+01 
1.975E-02 1.351E+01 
2.000E-02 1.308E+01 
2.000E-02 7.955E+01 
2.000E-02 7.955E+01 
2.025E-02 7.941E+01 
2.075E-02 7.840E+01 
2.125E-02 7.657E+01 
2.175E-02 7.408E+01 
2.225E-02 7.112E+01 
2.275E-02 6.785E+01 
2.325E-02 6.438E+01 
2.375E-02 6.084E+01 
2.425E-02 5.730E+01 
2.475E-02 5.385E+01 
2.525E-02 5.051E+01 
2.575E-02 4.734E+01 
2.625E-02 4.435E+01 
2.675E-02 4.155E+01 
2.725E-02 3.896E+01 
2.775E-02 3.656E+01 
2.825E-02 3.437E+01 
2.875E-02 3.236E+01 
2.925E-02 3.053E+01 
2.975E-02 2.887E+01 
3.000E-02 2.810E+01 
3.025E-02 2.737E+01 
3.075E-02 2.601E+01 
3.125E-02 2.478E+01 
3.175E-02 2.365E+01 
3.225E-02 2.262E+01 
3.275E-02 2.167E+01 
3.325E-02 2.079E+01 
3.375E-02 1.998E+01 
3.425E-02 1.922E+01 
3.475E-02 1.850E+01 
3.525E-02 1.784E+01 
3.575E-02 1.721E+01 
3.625E-02 1.661E+01 
3.675E-02 1.605E+01 
3.725E-02 1.551E+01 
3.775E-02 1.500E+01 
3.825E-02 1.451E+01 
3.875E-02 1.404E+01 
3.925E-02 1.359E+01 
3.975E-02 1.315E+01 
4.000E-02 1.294E+01 
4.025E-02 1.273E+01 
4.075E-02 1.233E+01 
4.125E-02 1.194E+01 
4.175E-02 1.156E+01 
4.225E-02 1.120E+01 
4.275E-02 1.085E+01 
4.325E-02 1.051E+01 
4.375E-02 1.019E+01 
4.425E-02 9.873E+00 
4.475E-02 9.573E+00 
4.525E-02 9.285E+00 
4.575E-02 9.007E+00 
4.625E-02 8.740E+00 
4.675E-02 8.483E+00 
4.725E-02 8.236E+00 
4.775E-02 7.999E+00 
4.825E-02 7.771E+00 
4.875E-02 7.551E+00 
5.000E-02 7.040E+00 
