1.000E-03 6.538E+03 
1.250E-03 3.917E+03 
1.500E-03 2.579E+03 
1.750E-03 1.780E+03 
2.000E-03 1.292E+03 
2.250E-03 9.643E+02 
2.750E-03 5.865E+02 
3.000E-03 4.729E+02 
3.173E-03 4.107E+02 
3.173E-03 1.355E+03 
3.250E-03 1.284E+03 
3.330E-03 1.216E+03 
3.330E-03 1.664E+03 
3.465E-03 1.515E+03 
3.604E-03 1.379E+03 
3.604E-03 1.582E+03 
3.750E-03 1.436E+03 
4.000E-03 1.227E+03 
4.250E-03 1.050E+03 
4.750E-03 7.888E+02 
5.000E-03 6.914E+02 
5.250E-03 6.091E+02 
5.750E-03 4.810E+02 
6.000E-03 4.307E+02 
6.250E-03 3.867E+02 
6.750E-03 3.156E+02 
7.250E-03 2.614E+02 
7.750E-03 2.193E+02 
8.000E-03 2.017E+02 
8.250E-03 1.857E+02 
8.750E-03 1.587E+02 
9.250E-03 1.367E+02 
9.750E-03 1.188E+02 
1.000E-02 1.110E+02 
1.025E-02 1.038E+02 
1.075E-02 9.124E+01 
1.125E-02 8.067E+01 
1.175E-02 7.171E+01 
1.225E-02 6.407E+01 
1.275E-02 5.752E+01 
1.325E-02 5.185E+01 
1.375E-02 4.693E+01 
1.425E-02 4.263E+01 
1.475E-02 3.886E+01 
1.500E-02 3.715E+01 
1.525E-02 3.551E+01 
1.575E-02 3.253E+01 
1.625E-02 2.988E+01 
1.675E-02 2.752E+01 
1.725E-02 2.541E+01 
1.775E-02 2.352E+01 
1.825E-02 2.181E+01 
1.875E-02 2.028E+01 
1.925E-02 1.889E+01 
1.975E-02 1.763E+01 
2.000E-02 1.704E+01 
2.025E-02 1.648E+01 
2.075E-02 1.543E+01 
2.125E-02 1.446E+01 
2.175E-02 1.358E+01 
2.225E-02 1.278E+01 
2.275E-02 1.203E+01 
2.325E-02 1.135E+01 
2.375E-02 1.072E+01 
2.425E-02 1.014E+01 
2.435E-02 1.003E+01 
2.435E-02 5.901E+01 
2.475E-02 5.663E+01 
2.525E-02 5.383E+01 
2.575E-02 5.122E+01 
2.625E-02 4.878E+01 
2.675E-02 4.650E+01 
2.725E-02 4.436E+01 
2.775E-02 4.235E+01 
2.825E-02 4.045E+01 
2.875E-02 3.867E+01 
2.925E-02 3.699E+01 
2.975E-02 3.541E+01 
3.000E-02 3.465E+01 
3.025E-02 3.391E+01 
3.075E-02 3.249E+01 
3.125E-02 3.115E+01 
3.175E-02 2.988E+01 
3.225E-02 2.867E+01 
3.275E-02 2.753E+01 
3.325E-02 2.645E+01 
3.375E-02 2.542E+01 
3.425E-02 2.445E+01 
3.475E-02 2.352E+01 
3.525E-02 2.264E+01 
3.575E-02 2.181E+01 
3.625E-02 2.101E+01 
3.675E-02 2.026E+01 
3.725E-02 1.954E+01 
3.775E-02 1.885E+01 
3.825E-02 1.820E+01 
3.875E-02 1.757E+01 
3.925E-02 1.698E+01 
3.975E-02 1.641E+01 
4.000E-02 1.614E+01 
4.025E-02 1.587E+01 
4.075E-02 1.535E+01 
4.125E-02 1.485E+01 
4.175E-02 1.438E+01 
4.225E-02 1.393E+01 
4.275E-02 1.349E+01 
4.325E-02 1.308E+01 
4.375E-02 1.268E+01 
4.425E-02 1.230E+01 
4.475E-02 1.193E+01 
4.525E-02 1.158E+01 
4.575E-02 1.124E+01 
4.625E-02 1.092E+01 
4.675E-02 1.061E+01 
4.725E-02 1.031E+01 
4.775E-02 1.002E+01 
4.825E-02 9.741E+00 
4.875E-02 9.474E+00 
5.000E-02 8.848E+00 
