1.250E-03 1.517E+03 
1.750E-03 5.920E+02 
2.250E-03 2.871E+02 
2.750E-03 1.597E+02 
3.250E-03 9.751E+01 
3.750E-03 6.366E+01 
4.250E-03 4.374E+01 
4.750E-03 3.130E+01 
5.250E-03 2.314E+01 
5.750E-03 1.757E+01 
6.250E-03 1.366E+01 
6.750E-03 1.082E+01 
7.250E-03 8.726E+00 
7.750E-03 7.142E+00 
8.250E-03 5.923E+00 
8.750E-03 4.972E+00 
9.250E-03 4.218E+00 
9.750E-03 3.614E+00 
1.025E-02 3.125E+00 
1.075E-02 2.724E+00 
1.125E-02 2.393E+00 
1.175E-02 2.117E+00 
1.225E-02 1.885E+00 
1.275E-02 1.689E+00 
1.325E-02 1.522E+00 
1.375E-02 1.379E+00 
1.425E-02 1.256E+00 
1.475E-02 1.149E+00 
1.525E-02 1.057E+00 
1.575E-02 9.755E-01 
1.625E-02 9.043E-01 
1.675E-02 8.415E-01 
1.725E-02 7.859E-01 
1.775E-02 7.365E-01 
1.825E-02 6.925E-01 
1.875E-02 6.532E-01 
1.925E-02 6.179E-01 
1.975E-02 5.861E-01 
2.025E-02 5.575E-01 
2.075E-02 5.315E-01 
2.125E-02 5.080E-01 
2.175E-02 4.866E-01 
2.225E-02 4.671E-01 
2.275E-02 4.493E-01 
2.325E-02 4.330E-01 
2.375E-02 4.180E-01 
2.425E-02 4.043E-01 
2.475E-02 3.916E-01 
2.525E-02 3.799E-01 
2.575E-02 3.691E-01 
2.625E-02 3.591E-01 
2.675E-02 3.498E-01 
2.725E-02 3.412E-01 
2.775E-02 3.332E-01 
2.825E-02 3.257E-01 
2.875E-02 3.187E-01 
2.925E-02 3.122E-01 
2.975E-02 3.061E-01 
3.025E-02 3.004E-01 
3.075E-02 2.950E-01 
3.125E-02 2.900E-01 
3.175E-02 2.852E-01 
3.225E-02 2.808E-01 
3.275E-02 2.765E-01 
3.325E-02 2.726E-01 
3.375E-02 2.688E-01 
3.425E-02 2.652E-01 
3.475E-02 2.619E-01 
3.525E-02 2.587E-01 
3.575E-02 2.556E-01 
3.625E-02 2.528E-01 
3.675E-02 2.500E-01 
3.725E-02 2.474E-01 
3.775E-02 2.449E-01 
3.825E-02 2.425E-01 
3.875E-02 2.403E-01 
3.925E-02 2.381E-01 
3.975E-02 2.360E-01 
4.025E-02 2.340E-01 
4.075E-02 2.321E-01 
4.125E-02 2.303E-01 
4.175E-02 2.286E-01 
4.225E-02 2.269E-01 
4.275E-02 2.253E-01 
4.325E-02 2.237E-01 
4.375E-02 2.222E-01 
4.425E-02 2.208E-01 
4.475E-02 2.194E-01 
4.525E-02 2.181E-01 
4.575E-02 2.168E-01 
4.625E-02 2.156E-01 
4.675E-02 2.143E-01 
4.725E-02 2.132E-01 
4.775E-02 2.121E-01 
4.825E-02 2.110E-01 
4.875E-02 2.099E-01 