1.000E-03 6.170E+03 
1.250E-03 3.691E+03 
1.500E-03 2.426E+03 
1.750E-03 1.674E+03 
2.000E-03 1.214E+03 
2.250E-03 9.060E+02 
2.750E-03 5.509E+02 
3.000E-03 4.442E+02 
3.004E-03 4.427E+02 
3.004E-03 1.513E+03 
3.074E-03 1.422E+03 
3.146E-03 1.338E+03 
3.146E-03 1.847E+03 
3.250E-03 1.705E+03 
3.412E-03 1.512E+03 
3.412E-03 1.731E+03 
3.750E-03 1.372E+03 
4.000E-03 1.170E+03 
4.250E-03 1.001E+03 
4.750E-03 7.516E+02 
5.000E-03 6.586E+02 
5.250E-03 5.801E+02 
5.750E-03 4.580E+02 
6.000E-03 4.101E+02 
6.250E-03 3.680E+02 
6.750E-03 3.001E+02 
7.250E-03 2.484E+02 
7.750E-03 2.082E+02 
8.000E-03 1.915E+02 
8.250E-03 1.763E+02 
8.750E-03 1.505E+02 
9.250E-03 1.297E+02 
9.750E-03 1.126E+02 
1.000E-02 1.053E+02 
1.025E-02 9.844E+01 
1.075E-02 8.649E+01 
1.125E-02 7.645E+01 
1.175E-02 6.796E+01 
1.225E-02 6.071E+01 
1.275E-02 5.449E+01 
1.325E-02 4.912E+01 
1.375E-02 4.445E+01 
1.425E-02 4.037E+01 
1.475E-02 3.680E+01 
1.500E-02 3.517E+01 
1.525E-02 3.362E+01 
1.575E-02 3.080E+01 
1.625E-02 2.829E+01 
1.675E-02 2.606E+01 
1.725E-02 2.406E+01 
1.775E-02 2.227E+01 
1.825E-02 2.066E+01 
1.875E-02 1.920E+01 
1.925E-02 1.789E+01 
1.975E-02 1.669E+01 
2.000E-02 1.614E+01 
2.025E-02 1.560E+01 
2.075E-02 1.461E+01 
2.125E-02 1.370E+01 
2.175E-02 1.286E+01 
2.225E-02 1.210E+01 
2.275E-02 1.140E+01 
2.322E-02 1.079E+01 
2.322E-02 6.413E+01 
2.325E-02 6.392E+01 
2.375E-02 6.057E+01 
2.425E-02 5.746E+01 
2.475E-02 5.456E+01 
2.525E-02 5.186E+01 
2.575E-02 4.934E+01 
2.625E-02 4.698E+01 
2.675E-02 4.477E+01 
2.725E-02 4.270E+01 
2.775E-02 4.075E+01 
2.825E-02 3.892E+01 
2.875E-02 3.720E+01 
2.925E-02 3.557E+01 
2.975E-02 3.404E+01 
3.000E-02 3.330E+01 
3.025E-02 3.259E+01 
3.075E-02 3.121E+01 
3.125E-02 2.992E+01 
3.175E-02 2.869E+01 
3.225E-02 2.753E+01 
3.275E-02 2.642E+01 
3.325E-02 2.538E+01 
3.375E-02 2.439E+01 
3.425E-02 2.345E+01 
3.475E-02 2.256E+01 
3.525E-02 2.171E+01 
3.575E-02 2.090E+01 
3.625E-02 2.013E+01 
3.675E-02 1.941E+01 
3.725E-02 1.871E+01 
3.775E-02 1.805E+01 
3.825E-02 1.742E+01 
3.875E-02 1.682E+01 
3.925E-02 1.625E+01 
3.975E-02 1.570E+01 
4.000E-02 1.544E+01 
4.025E-02 1.518E+01 
4.075E-02 1.468E+01 
4.125E-02 1.421E+01 
4.175E-02 1.375E+01 
4.225E-02 1.332E+01 
4.275E-02 1.290E+01 
4.325E-02 1.250E+01 
4.375E-02 1.212E+01 
4.425E-02 1.175E+01 
4.475E-02 1.140E+01 
4.525E-02 1.107E+01 
4.575E-02 1.074E+01 
4.625E-02 1.043E+01 
4.675E-02 1.013E+01 
4.725E-02 9.845E+00 
4.775E-02 9.568E+00 
4.825E-02 9.302E+00 
4.875E-02 9.046E+00 
5.000E-02 8.447E+00 
