1.000E-03 8.155E+03 
1.250E-03 4.953E+03 
1.500E-03 3.296E+03 
1.750E-03 2.286E+03 
2.000E-03 1.665E+03 
2.250E-03 1.246E+03 
2.750E-03 7.602E+02 
3.000E-03 6.140E+02 
3.250E-03 5.018E+02 
3.750E-03 3.501E+02 
3.929E-03 3.114E+02 
3.929E-03 9.257E+02 
4.000E-03 9.394E+02 
4.156E-03 8.469E+02 
4.156E-03 1.145E+03 
4.250E-03 1.088E+03 
4.465E-03 9.710E+02 
4.465E-03 1.117E+03 
4.750E-03 9.600E+02 
5.000E-03 8.469E+02 
5.250E-03 7.467E+02 
5.750E-03 5.906E+02 
6.000E-03 5.292E+02 
6.250E-03 4.758E+02 
6.750E-03 3.892E+02 
7.250E-03 3.231E+02 
7.750E-03 2.716E+02 
8.000E-03 2.501E+02 
8.250E-03 2.304E+02 
8.750E-03 1.971E+02 
9.250E-03 1.701E+02 
9.750E-03 1.480E+02 
1.000E-02 1.384E+02 
1.025E-02 1.295E+02 
1.075E-02 1.139E+02 
1.125E-02 1.008E+02 
1.175E-02 8.967E+01 
1.225E-02 8.018E+01 
1.275E-02 7.202E+01 
1.325E-02 6.497E+01 
1.375E-02 5.884E+01 
1.425E-02 5.348E+01 
1.475E-02 4.878E+01 
1.500E-02 4.664E+01 
1.525E-02 4.460E+01 
1.575E-02 4.086E+01 
1.625E-02 3.755E+01 
1.675E-02 3.460E+01 
1.725E-02 3.195E+01 
1.775E-02 2.958E+01 
1.825E-02 2.745E+01 
1.875E-02 2.552E+01 
1.925E-02 2.378E+01 
1.975E-02 2.220E+01 
2.000E-02 2.146E+01 
2.025E-02 2.075E+01 
2.075E-02 1.942E+01 
2.125E-02 1.820E+01 
2.175E-02 1.709E+01 
2.225E-02 1.607E+01 
2.275E-02 1.514E+01 
2.325E-02 1.428E+01 
2.375E-02 1.348E+01 
2.425E-02 1.274E+01 
2.475E-02 1.206E+01 
2.525E-02 1.143E+01 
2.575E-02 1.085E+01 
2.625E-02 1.030E+01 
2.675E-02 9.797E+00 
2.725E-02 9.325E+00 
2.775E-02 8.884E+00 
2.825E-02 8.471E+00 
2.875E-02 8.086E+00 
2.920E-02 7.759E+00 
2.920E-02 4.358E+01 
2.925E-02 4.343E+01 
2.975E-02 4.194E+01 
3.000E-02 4.121E+01 
3.025E-02 4.049E+01 
3.075E-02 3.904E+01 
3.125E-02 3.762E+01 
3.175E-02 3.623E+01 
3.225E-02 3.487E+01 
3.275E-02 3.355E+01 
3.325E-02 3.227E+01 
3.375E-02 3.104E+01 
3.425E-02 2.985E+01 
3.475E-02 2.871E+01 
3.525E-02 2.761E+01 
3.575E-02 2.656E+01 
3.625E-02 2.556E+01 
3.675E-02 2.460E+01 
3.725E-02 2.369E+01 
3.775E-02 2.283E+01 
3.825E-02 2.200E+01 
3.875E-02 2.122E+01 
3.925E-02 2.047E+01 
3.975E-02 1.977E+01 
4.000E-02 1.943E+01 
4.025E-02 1.909E+01 
4.075E-02 1.846E+01 
4.125E-02 1.785E+01 
4.175E-02 1.728E+01 
4.225E-02 1.673E+01 
4.275E-02 1.621E+01 
4.325E-02 1.571E+01 
4.375E-02 1.524E+01 
4.425E-02 1.478E+01 
4.475E-02 1.435E+01 
4.525E-02 1.393E+01 
4.575E-02 1.353E+01 
4.625E-02 1.315E+01 
4.675E-02 1.278E+01 
4.725E-02 1.243E+01 
4.775E-02 1.209E+01 
4.825E-02 1.176E+01 
4.875E-02 1.144E+01 
5.000E-02 1.070E+01 
