1.000E-03 5.869E+03 
1.250E-03 3.330E+03 
1.500E-03 2.096E+03 
1.750E-03 1.399E+03 
2.000E-03 9.861E+02 
2.250E-03 7.186E+02 
2.750E-03 4.195E+02 
3.000E-03 3.323E+02 
3.250E-03 2.671E+02 
3.750E-03 1.809E+02 
4.000E-03 1.518E+02 
4.250E-03 1.285E+02 
4.750E-03 9.467E+01 
4.966E-03 8.380E+01 
4.966E-03 6.877E+02 
5.000E-03 6.838E+02 
5.250E-03 6.342E+02 
5.750E-03 4.939E+02 
6.000E-03 4.324E+02 
6.250E-03 3.831E+02 
6.750E-03 3.107E+02 
7.250E-03 2.591E+02 
7.750E-03 2.193E+02 
8.000E-03 2.024E+02 
8.250E-03 1.868E+02 
8.750E-03 1.598E+02 
9.250E-03 1.373E+02 
9.750E-03 1.187E+02 
1.000E-02 1.107E+02 
1.025E-02 1.034E+02 
1.075E-02 9.060E+01 
1.125E-02 7.989E+01 
1.175E-02 7.083E+01 
1.225E-02 6.310E+01 
1.275E-02 5.647E+01 
1.325E-02 5.074E+01 
1.375E-02 4.577E+01 
1.425E-02 4.142E+01 
1.475E-02 3.761E+01 
1.500E-02 3.587E+01 
1.525E-02 3.424E+01 
1.575E-02 3.127E+01 
1.625E-02 2.863E+01 
1.675E-02 2.627E+01 
1.725E-02 2.417E+01 
1.775E-02 2.228E+01 
1.825E-02 2.059E+01 
1.875E-02 1.906E+01 
1.925E-02 1.768E+01 
1.975E-02 1.643E+01 
2.000E-02 1.585E+01 
2.025E-02 1.530E+01 
2.075E-02 1.427E+01 
2.125E-02 1.333E+01 
2.175E-02 1.247E+01 
2.225E-02 1.169E+01 
2.275E-02 1.097E+01 
2.325E-02 1.030E+01 
2.375E-02 9.695E+00 
2.425E-02 9.133E+00 
2.475E-02 8.615E+00 
2.525E-02 8.135E+00 
2.575E-02 7.691E+00 
2.625E-02 7.280E+00 
2.675E-02 6.897E+00 
2.725E-02 6.541E+00 
2.775E-02 6.210E+00 
2.825E-02 5.901E+00 
2.875E-02 5.613E+00 
2.925E-02 5.343E+00 
2.975E-02 5.091E+00 
3.000E-02 4.971E+00 
3.025E-02 4.855E+00 
3.075E-02 4.634E+00 
3.125E-02 4.426E+00 
3.175E-02 4.231E+00 
3.225E-02 4.047E+00 
3.275E-02 3.875E+00 
3.325E-02 3.712E+00 
3.375E-02 3.558E+00 
3.425E-02 3.414E+00 
3.475E-02 3.277E+00 
3.525E-02 3.148E+00 
3.575E-02 3.026E+00 
3.625E-02 2.910E+00 
3.675E-02 2.801E+00 
3.725E-02 2.697E+00 
3.775E-02 2.598E+00 
3.825E-02 2.505E+00 
3.875E-02 2.416E+00 
3.925E-02 2.332E+00 
3.975E-02 2.251E+00 
4.000E-02 2.213E+00 
4.025E-02 2.175E+00 
4.075E-02 2.102E+00 
4.125E-02 2.033E+00 
4.175E-02 1.967E+00 
4.225E-02 1.904E+00 
4.275E-02 1.844E+00 
4.325E-02 1.787E+00 
4.375E-02 1.732E+00 
4.425E-02 1.679E+00 
4.475E-02 1.629E+00 
4.525E-02 1.581E+00 
4.575E-02 1.535E+00 
4.625E-02 1.491E+00 
4.675E-02 1.449E+00 
4.725E-02 1.408E+00 
4.775E-02 1.370E+00 
4.825E-02 1.332E+00 
4.875E-02 1.297E+00 
5.000E-02 1.213E+00 
